$ANSIBLE_VAULT;1.1;AES256
32353636373462616364383438653862366130613533376163333837356561353730393664613036
3263613334353933643666326161363636336338386561640a623234623231636534656539363430
38666137643463663439303530393430373965393764393031343835643464393537313438633166
6339323230623136620a616232333339306234633164643666303637626166323862626133666132
65303061346434663061343363653261303761653530656361386337353939316530393137333365
63356566626239383965623431616631366634383539353163343630383834613363363664376438
39613132353235666134383866393666633138646636646137363437303261663637323336306232
66343162313462363064636134356639643734613538656465633235333137356565376435326136
38643533303065396165613537633930373430666563386462373337363535613436336637333230
61383037346234613163323638643038643665663165343737663634373336653834643336353435
32393030363433623864373763646336663739616263373132313932333136353035313432613432
31303263346634616532313137666165623839346237396536343763653835333566353539396235
32376165646232666564333863663638646137313265313461376663366637313131623962343732
63646230613031313461346562643863653564363535633762616534646532666236353865383939
31363966383631626565646161323731303865353532366162383130343230386263323432313534
61363530313539333338396136646335613461393161636162303634376231656439343764353330
33613734653139646235306635656362363664653930363566626663653232366637613035353233
33663136353239633534393130653364343738393033616332633765313834346639663531613032
37336634633839653564623439663565316531633732326234356463653330326237653263303035
34303635613761623636363664666639616231316238646465613333636262636135313065303261
64326163336632626366363539643463656433316163333939306432373731323130613539646534
63313531366164303937373230346432613136313438363432306634656533376162313930303665
62636162376436386366616233313461343739643230613963316238346530386161656138393834
62353434313236323835663662363662333138613938303034303463373837613839326162386661
39333433616465313037616339396661666639656238326161656339666331623331616230303539
39363564323632633737313838363531383430313262633836356239386566333937333862613934
38636532646361653261616235663862393533643936643962343965333538643932336237363935
30653432306232373134
